Number of plates: 5000
6	17	30	31	38	
42	48	63	70	75	
77	78	80	82	90	
72328

3	20	22	31	35	
43	47	48	56	72	
75	77	79	88	90	
105219

4	6	8	34	44	
47	48	49	50	68	
79	81	83	84	89	
67923

2	10	11	12	17	
20	34	35	44	46	
47	51	65	70	83	
69057

8	9	18	25	28	
30	33	37	50	51	
52	53	67	74	79	
33690

2	8	9	17	21	
24	34	35	57	60	
68	77	82	84	90	
78453

5	7	8	14	42	
46	49	52	56	57	
58	59	60	63	82	
56850

13	18	21	23	25	
29	31	34	44	54	
57	59	64	69	82	
26030

22	25	31	38	39	
46	49	50	54	56	
60	61	77	79	82	
49122

5	10	14	19	34	
36	37	41	48	68	
70	73	86	87	89	
104846

7	20	21	27	38	
39	47	48	58	66	
67	76	81	88	90	
82251

2	10	16	20	25	
28	32	34	39	40	
45	60	63	64	84	
100073

5	11	19	20	26	
29	32	36	37	49	
60	61	74	85	86	
37820

7	9	11	16	17	
28	35	44	53	55	
60	62	66	73	87	
44489

3	6	7	28	29	
39	53	55	64	70	
75	76	79	80	86	
52520

5	10	13	23	30	
37	55	61	72	73	
74	75	79	81	82	
93558

4	8	9	25	30	
32	34	35	38	44	
45	63	67	74	83	
12933

7	8	11	12	15	
19	27	34	39	48	
49	51	84	85	88	
53088

9	15	24	26	28	
32	38	47	48	50	
61	67	74	76	79	
83154

5	13	34	35	36	
37	38	44	54	56	
57	68	76	87	90	
42847

1	4	21	27	29	
34	35	39	47	49	
52	69	72	77	84	
24404

1	5	11	12	15	
18	26	33	40	43	
54	57	59	62	82	
96906

12	16	18	20	21	
29	34	35	40	44	
47	58	68	73	82	
91919

1	3	10	16	19	
23	31	34	35	36	
39	40	44	59	69	
56259

9	17	23	30	38	
43	44	49	52	62	
68	69	77	87	90	
14217

3	10	18	21	25	
27	28	35	61	63	
70	74	75	86	89	
73447

2	4	10	15	23	
24	27	33	38	57	
58	65	70	73	86	
80122

5	8	18	21	27	
29	31	35	37	40	
44	52	60	65	74	
21012

3	12	23	24	35	
36	39	53	56	57	
65	74	75	78	80	
76195

12	24	30	32	38	
39	50	51	54	61	
67	68	76	80	83	
25689

1	5	6	22	23	
26	34	35	44	49	
54	63	64	67	86	
41444

15	16	26	34	36	
37	38	42	51	52	
65	67	74	87	89	
65044

1	5	7	10	15	
19	25	39	40	55	
57	63	65	70	84	
86907

1	7	11	31	34	
36	40	43	46	58	
59	60	66	78	90	
90921

6	12	17	28	29	
30	31	32	39	42	
50	51	62	66	76	
78176

10	12	18	30	37	
41	51	53	57	59	
62	68	80	85	88	
39427

4	12	13	17	18	
23	34	39	43	44	
49	58	60	63	74	
101578

1	7	13	25	26	
31	37	43	47	54	
55	57	59	70	71	
56569

2	7	21	31	33	
35	45	50	52	64	
66	67	70	76	81	
46194

2	5	6	13	15	
21	22	23	25	27	
30	42	46	49	82	
94976

1	3	4	9	10	
20	30	41	44	45	
49	50	51	63	85	
89570

2	3	11	14	20	
27	29	30	50	52	
53	55	58	71	86	
104878

1	3	7	8	37	
45	46	47	57	58	
60	63	64	85	89	
94640

2	7	10	18	19	
23	29	36	37	38	
43	46	74	79	84	
62707

15	17	30	32	34	
35	36	43	45	46	
51	61	72	81	89	
17593

2	3	9	12	18	
22	24	27	33	35	
46	66	82	86	90	
15901

2	9	18	20	21	
22	30	37	43	55	
62	65	66	67	71	
14048

3	11	12	20	25	
29	36	37	42	49	
55	60	61	62	78	
11940

5	6	17	36	44	
46	48	49	53	59	
63	66	67	71	81	
75708

1	2	12	16	18	
21	36	38	39	42	
56	59	65	79	89	
63995

1	11	29	37	45	
49	57	64	65	71	
72	74	80	85	88	
57495

28	35	37	38	41	
42	56	63	65	71	
72	73	83	87	90	
52157

12	15	17	23	26	
27	33	34	49	50	
55	56	64	68	70	
81058

9	10	18	25	27	
28	38	39	40	48	
49	59	73	86	89	
86843

1	7	10	15	21	
22	33	38	40	45	
57	61	77	85	90	
53408

3	6	9	18	19	
24	32	41	43	44	
48	56	64	66	85	
65094

1	6	15	19	38	
43	46	49	54	56	
60	69	71	82	85	
87371

3	10	18	22	27	
41	42	44	45	55	
56	71	74	88	90	
28010

3	5	6	15	18	
25	30	34	39	46	
49	69	73	85	87	
85736

4	10	30	31	38	
50	65	66	68	70	
71	78	81	84	87	
102127

3	4	5	9	31	
34	38	39	41	53	
60	73	76	82	86	
74452

1	5	7	15	28	
34	39	40	50	82	
83	84	86	87	90	
54131

8	10	14	17	23	
31	43	51	64	65	
74	75	82	87	88	
77507

3	5	20	29	32	
35	45	54	55	58	
61	69	86	87	90	
58632

4	18	24	29	33	
36	47	56	59	65	
67	68	75	81	84	
91203

12	19	31	37	39	
45	48	63	71	73	
79	84	86	88	89	
26068

2	15	17	31	33	
38	39	51	55	62	
71	79	80	83	87	
77103

2	5	14	15	32	
40	47	51	54	68	
71	72	75	87	89	
41807

1	16	18	21	22	
29	37	39	50	51	
52	57	76	89	90	
78157

1	4	13	16	17	
27	28	34	46	56	
60	70	78	79	88	
59686

9	17	19	26	28	
33	37	41	43	46	
47	50	51	52	73	
13162

1	3	5	12	22	
31	36	38	42	50	
51	69	72	74	78	
81357

4	8	9	11	16	
23	24	31	36	47	
50	51	72	81	83	
101058

6	7	12	19	34	
42	44	48	51	59	
65	72	75	76	78	
46420

2	6	10	15	18	
31	42	46	47	53	
57	64	74	82	85	
53576

1	9	18	40	42	
43	56	59	60	65	
66	68	72	84	86	
93459

12	23	45	52	54	
58	61	65	67	69	
71	83	86	87	88	
85741

3	5	6	22	24	
35	38	42	44	58	
66	68	75	79	80	
16343

2	5	11	19	24	
25	36	39	44	50	
51	58	72	79	81	
76865

9	11	16	18	24	
27	31	36	45	47	
61	63	68	82	83	
97596

2	4	12	18	25	
35	41	42	50	51	
52	63	64	71	84	
56348

3	18	19	20	24	
25	28	45	47	51	
64	69	74	77	85	
17238

8	11	15	22	23	
34	37	50	51	54	
66	79	80	82	85	
40042

9	11	13	17	24	
33	42	48	61	65	
69	77	80	89	90	
103139

6	13	25	30	41	
48	50	51	58	74	
76	79	81	86	88	
43896

6	19	22	32	36	
42	45	47	52	63	
68	75	80	81	89	
51948

6	10	15	16	22	
26	31	36	43	56	
60	69	71	72	80	
106115

1	18	20	22	29	
34	40	43	46	55	
66	70	79	85	88	
27959

7	10	11	23	24	
31	36	49	52	59	
63	66	72	78	87	
50240

9	13	15	22	27	
33	42	44	46	47	
50	54	56	68	88	
63320

1	2	13	20	30	
35	45	48	52	57	
59	63	65	75	85	
76502

3	25	39	41	42	
47	48	56	60	62	
65	75	81	82	85	
84878

1	13	23	28	37	
42	48	49	50	59	
62	72	74	76	79	
23690

8	14	21	23	33	
34	39	49	51	56	
65	67	69	75	87	
81107

9	12	13	23	28	
33	43	47	50	51	
53	55	57	60	72	
58856

8	20	27	28	29	
30	31	36	40	44	
45	74	75	76	85	
73462

8	11	27	34	42	
47	50	51	56	65	
68	72	83	86	88	
26860

1	3	4	9	12	
24	26	36	43	44	
54	71	72	81	83	
48443

2	3	18	19	23	
27	35	38	39	41	
48	54	60	79	83	
89227

3	12	23	29	36	
40	44	45	50	60	
68	70	80	82	83	
44379

12	13	21	22	28	
29	33	34	35	44	
63	64	67	70	86	
54750

9	11	16	19	21	
24	40	47	48	49	
54	58	68	70	74	
26839

3	6	10	13	16	
22	25	31	40	54	
56	69	86	87	90	
18941

4	5	7	11	15	
19	35	36	40	43	
49	54	56	76	89	
61542

3	6	17	35	38	
40	57	62	66	68	
73	75	82	87	88	
91636

4	17	18	39	46	
51	55	67	68	69	
81	82	84	86	89	
38130

2	13	15	22	23	
26	27	29	31	48	
55	57	62	66	88	
71243

6	9	16	22	25	
33	36	38	49	54	
64	73	77	87	89	
73215

8	9	10	13	14	
15	19	23	24	34	
45	52	55	82	89	
79051

3	14	25	32	34	
35	36	40	46	47	
54	58	65	70	88	
39397

9	17	20	42	50	
51	52	64	67	71	
78	80	86	88	89	
70489

3	12	17	41	47	
54	62	63	70	72	
74	75	80	82	89	
17458

1	6	10	15	16	
17	23	31	48	55	
62	65	70	83	84	
103922

4	10	15	16	20	
28	32	33	43	45	
71	73	77	80	88	
42603

1	2	4	9	17	
25	36	38	39	40	
41	48	54	58	87	
47539

4	15	16	22	27	
34	38	42	44	48	
50	62	65	82	88	
29571

9	24	41	42	45	
47	48	49	50	52	
55	59	61	64	71	
105913

3	14	16	21	22	
25	30	47	57	69	
71	72	80	81	84	
84545

3	7	9	26	40	
51	53	57	65	67	
68	70	71	76	83	
29043

3	7	13	15	21	
29	32	36	37	43	
57	68	80	82	85	
89603

3	12	14	15	20	
32	34	37	44	46	
49	58	59	84	89	
46042

13	17	22	24	27	
28	35	39	43	50	
51	75	79	86	89	
24684

1	5	8	21	24	
25	43	49	50	54	
59	68	74	82	83	
25390

9	15	16	22	27	
28	31	37	50	61	
63	64	74	79	90	
46514

9	14	15	18	37	
38	40	46	50	55	
57	72	73	77	86	
74875

2	8	14	19	38	
39	44	50	54	60	
65	69	79	81	90	
98520

2	10	16	24	30	
35	47	52	54	56	
57	59	67	79	87	
42402

17	30	31	36	38	
48	49	51	54	59	
60	71	73	79	89	
82258

8	14	32	36	37	
39	43	44	51	53	
58	64	75	83	87	
87897

7	13	16	19	27	
30	31	33	45	46	
56	68	81	89	90	
82401

1	6	7	13	18	
20	39	43	50	55	
63	71	77	82	90	
55179

10	20	21	24	25	
37	40	43	45	54	
63	77	78	80	87	
33838

1	4	8	16	18	
20	33	41	51	57	
65	76	79	83	88	
58079

1	12	13	14	15	
21	29	33	34	36	
42	44	59	62	78	
31985

5	9	16	17	24	
31	33	34	44	62	
63	66	73	78	84	
99040

3	18	32	36	39	
40	44	48	51	53	
65	69	73	74	77	
74272

2	3	7	12	18	
21	27	46	51	53	
56	62	67	69	76	
91286

7	12	19	20	21	
22	23	53	57	62	
63	66	74	83	86	
41086

1	6	11	23	25	
26	41	45	55	58	
74	75	80	83	87	
52128

1	7	19	27	32	
40	43	49	51	54	
57	73	80	81	89	
64478

3	4	5	10	19	
20	32	38	52	54	
55	62	71	72	74	
58794

6	15	18	25	26	
29	33	39	44	49	
51	56	79	82	85	
30197

7	14	17	18	22	
28	35	40	41	57	
61	66	78	83	88	
106980

5	16	21	22	28	
33	36	41	48	54	
55	70	73	81	84	
27215

2	15	31	35	41	
42	43	55	59	68	
69	74	78	83	87	
23053

1	8	19	22	26	
28	29	33	34	35	
59	65	68	71	72	
14704

1	6	19	23	27	
44	45	50	68	69	
72	73	74	84	87	
54292

2	15	16	17	19	
25	27	31	41	48	
53	54	57	69	77	
61520

5	18	36	45	50	
53	56	62	65	68	
70	71	74	76	84	
87738

5	11	14	22	27	
29	33	36	37	49	
56	63	73	76	84	
21699

7	11	14	16	27	
28	30	39	48	52	
53	54	66	84	85	
31026

3	6	15	22	23	
31	34	37	40	52	
57	59	64	72	75	
11496

5	16	28	31	32	
36	38	43	45	64	
70	74	75	77	82	
71231

3	7