File created and writing succesfully (4/5 - 112 : 16.25
---------------------------

Start reading:

Ended reading:

Original Numbers:
[70, 11, 49, 09, 11, 44, 13, 62, 71, 7, 16, 37, 64, 86, 9, 27, 39, 74, 89, 34516, 6NOV., 2011, 70, 11, 49, 09, 10, 23, 43, 53, 82, 44, 56, 65, 7, 19, 39, 69, 77, 41782-GYLDIG, 6NOV., 2011, 70, 11, 49, 09, 23, 42, 56, 61, 85, 7, 31, 57, 77, 87, 9, 27, 47, 68, 79, 77633, 6NOV., 2011, 70, 11, 49, 09, 1, 21, 40, 72, 81, 13, 25, 42, 63, 74, 26, 39, 48, 67, 84, 97590-GYLDIG, 6NOV., 2011, 70, 11, 49, 09, 10, 23, 30, 51, 80, 5, 27, 61, 73, 81, 6, 39, 49, 75, 90, 06982-GYLDIG, 6NOV., 2011, 70, 11, 49, 09, 20, 30, 42, 65, 73, 14, 36, 44, 57, 74, 7, 18, 59, 68, 88, 84757-GYLDIG, 6NOV., 2011, 70, 11, 49, 09, 1, 43, 50, 60, 80, 6, 17, 26, 44, 75, 9, 29, 37, 58, 63, 64802-GYLDIG, 6NOV., 2011, 70, 11, 49, 09, 1, 23, 41, 61, 80, 2, 26, 32, 65, 82, 8, 13, 49, 56, 66, 26714-GYLDIG, 6NOV., 2011, 70, 11, 49, 09, 2, 13, 33, 62, 75, 5, 16, 27, 46, 77, 6, "l9, 29, 48, 90, 78088-GYLDIG, 6NOV., 2011, 70, 11, 49, 09, \___1, 11, 44, 53, 62, 71, 7, 16, 37, 64, 86, 9, 27, 39, 74, 89, 34516, 6NOV., 2011, 70, 11, 49, 09, 20, 41, 50, 61, 72, 3, 35, 42, 65, 751, 18, 22, 37, 53, 79, 65230-GYLDIG, 6NOV., 2011, 70, 11, 49, 09, 8$P, 21, 31, 61, 70, 81, 12, 23, 56, 63, 83, 9, 38, 46, 59, 68, 74177-GYLDIG, 6NOV., 2011, 70, 11, 49, 09, 3, 10, 20, 53, 65, 5, 12, 44, 55, 67, 9, 17, 38, 58, 79, 75349-GYLDIG, 6NOV., 2011, 70, 11, 49, 09, 3, 22, 34, 42, 50, 9s!P, 38, 48, 53, 64, 77, 8, 39, 49, 59, 65, 91767, 6NOV., 2011, 70, 11, 49, 09, 1, 21, 40, 72, 81, 13, 25, 42, 63, 74, 26, 39, 48, 67, 84, 97590, 6NOV., 2011, 70, 11, 49, 09, 6, 9s!P, 24, 45, 62, 82, 8, 37, 47, 54, 73, 9, 48, 56, 65, 89, 95686-GYLDIG, 6NOV., 2011, 70, 11, 49, 09, 1, 20, 33, 41, 70, 2, 22, 44, 53, 66, 27, 39, 49, 68, 76, 36705-GYLDIG, 6NOV., 2011, 70, 11, 49, 09, 14, 23, 30, 74, 84, 17, 38, 46, 68, 78, 4, 18, 25, 79, 90, 55171, 6NOV., 2011, 70, 11, 49, 09, 1, 41, 60, 70, 80, 16, 27, 53, 61, 73, 18, 28, 38, 59, 74, 18253, 6NOV., 2011, 70, 11, 49, 09, 11, 44, 53, 62, 71, 7, 16, 37, 64, 86, 9, 27, 39, 74, 89, 34516, 6NOV., 2011, 70, 11, 49, 09, \___1, 11, 44, 53, 62, 71, 7, 16, 37, 64, 86, 9, 27, 39, 74, 89, 34516, 6NOV., 2011, 70, 11, 49, 09, 5, 42, 56, 64, 83, 14, 37, 46, 58, 76, 7, 16, 22, 48, 90, 63532, 6NOV., 2011, 70, 11, 49, 09, 5, 42, 56, 64, 83, 14, 37, 46, 58, 76, 7, 16, 22, 48, 90, 63532-GYLDIG, 6NOV., 2011, 70, 11, 49, 09, 1, 43, 50, 60, 80, 6, 17, 26, 44, 75, 9, 29, 37, 58, 63, 64802-GYLDIG, 6NOV., 2011, 70, 11, 49, 09, 20, 41, 50, 61, 72, 3, 35, 42, 65, 751, 18, 22, 37, 53, 79, 65230-GYLDIG, 6NOV., 2011, 70, 11, 49, 09, 5, 10, 22, 42, 70, 6, 23, 45, 57, 62, 8, 18, 38, 46, 59, 66845-GYLDIG, 6NOV., 2011, 70, 11, 49, 09, 8$P, 21, 31, 61, 70, 81, 12, 23, 56, 63, 83, 9, 38, 46, 59, 68, 74177-GYLDIG, 6NOV., 2011, 70, 11, 49, 09, 8$P, 21, 31, 61, 70, 81, 12, 23, 56, 63, 83, 9, 38, 46, 59, 68, 74177-GYLDIG, 6NOV., 2011, 70, 11, 49, 09, 3, 10, 20, 53, 65, 5, 12, 44, 55, 67, 9, 17, 38, 58, 79, 75349-GYLDIG, 6NOV., 2011, 70, 11, 49, 09, 3, 22, 34, 42, 50, 9s!P, 38, 48, 53, 64, 77, 8, 39, 49, 59, 65, 91767, 6NOV., 2011, 70, 11, 49, 09, 1, 21, 40, 72, 81, 13, 25, 42, 63, 74, 26, 39, 48, 67, 84, 97590, 6NOV., 2011, 70, 11, 49, 09, 1, 13, 53, 71, 82, 6, 21, 34, 72, 83, 7, 24, 37, 58, 89, 41048-GYLDIG, 6NOV., 2011, 70, 11, 49, 09, 2, 12, 23, 32, 40, 7, 52, 66, 71, 85, 28, 49, 67, 76, 86, 56453-GYLDIG, 6NOV., 2011, 70, 11, 49, 09, 23, 42, 56, 61, 85, 7, 31, 57, 77, 87, 9, 27, 47, 68, 79, 77633, 6NOV., 2011, 70, 11, 49, 09, 2, 10, 41, 61, 80, 5, 15, 24, 62, 86, 16, 36, 57, 78, 89, 86871-GYLDIG, 6NOV., 2011, 70, 11, 49, 09, 1, 43, 50, 61, 72, 2, 23, 46, 63, 83, 19, 27, 47, 66, 76, 98475-GYLDIG, 6NOV., 2011, 70, 11, 49, 09, 1, 13, 20, 35, 61, 7, 15, 38, 56, 66, 9, 29, 39, 77, 90, 07521, 6NOV., 2011, 70, 11, 49, 09, 1, 23, 41, 61, 80, 2, 26, 32, HM6Comp»gnl»t, 65, 82, 8, 13, 49, 56, 66, 26714, 6NOV., 2011, 70, 11, 49, 09, 5, 44, 55, 70, 80, 24, 46, 57, 86, 15, 25, 36, 49, 58, 43973-GYLDIG, 6NOV., 2011, 70, 11, 49, 09, 3, 20, 43, 51, 80, 13, 24, 36, 45, 55, 8, 15, 28, 69, 79, 92078-GYLDIG, 6NOV., 2011, 70, 11, 49, 09, 6, 9s!P, 24, 45, 62, 82, 8, 37, 47, 54, 73, 9, 48, 56, 65, 89, 95686-GYLDIG, 6NOV., 2011, 70, 11, 49, 09, 5, 41, 51, 61, 83, 17, 23, 66, 75, 84, 9, 39, 45, 79, 89, 18520-GYLDIG, 6NOV., 2011, 70, 11, 49, 09, 10, 23, 43, 53, 82, 13, 24, 44, 56, 65, 7, 19, 39, 69, 77, 41782-GYLDIG, 6NOV., 2011, 70, 11, 49, 09, 13, 20, 32, 9s!P, 55, 81, 26, 38, 43, 56, 65, 19, 39, 44, 66, 78, 75999-GYLDIG, 6NOV., 2011, 70, 11, 49, 09, 1, 20, 33, 41, 70, 2, 22, 44, 53, 66, 27, 39, 49, 68, 76, 36705-GYLDIG, 6NOV., 2011, 70, 11, 49, 09, 14, 23, 30, 74, 84, 17, 38, 46, 68, 78, 4, 18, 25, 79, 90, 55171, 6NOV., 2011, 70, 11, 49, 09, X____1, 8£P, 14, 23, 30, 74, 84, 17, 38, 46, 68, 78, 4, 18, 25, 79, 90, 55171, 6NOV., 2011, 70, 11, 49, 09, 11, 21, 44, 70, 80, 16, 24, [45, 51, 63, 18, 29, 39, 58, 68, 26261-GYLDIG, 6NOV., 2011, 70, 11, 49, 09, 11, 21, 44, 70, 80, 16, 24, [45, 51, 63, 18, 29, 39, 58, 68, 26261-GYLDIG, 6NOV., 2011, 70, 11, 49, 09, 4, 11, 20, 43, 83, 5, 15, 46, 63, 78, 18, 37, 58, 79, 87, 54221, 6NOV., 2011, 70, 11, 49, 09, 1, 11, 30, 41, 50, 42, 51, Hf84, 18, 27, 39, 58, 86, 81309-GYLDIG, 6NOV., 2011, 70, 11, 49, 09, 2, 31, 43, 51, 84, 32, 44, 66, 73, 86, 14, 24, 57, 69, 88, 99433-GYLDIG, 6NOV., 2011, 70, 11, 49, 09, 2, 31, 43, 51, 84, 32, 44, 66, 73, 86, 14, 24, 57, 69, 88, 99433-GYLDIG, 6NOV., 2011]
Numbers:
[11, 44, 13, 62, 71, 7, 16, 37, 64, 86, 9, 27, 39, 74, 89, 34516, 10, 23, 43, 53, 82, 44, 56, 65, 7, 19, 39, 69, 77, 41782, 23, 42, 56, 61, 85, 7, 31, 57, 77, 87, 9, 27, 47, 68, 79, 77633, 1, 21, 40, 72, 81, 13, 25, 42, 63, 74, 26, 39, 48, 67, 84, 97590, 10, 23, 30, 51, 80, 5, 27, 61, 73, 81, 6, 39, 49, 75, 90, 06982, 20, 30, 42, 65, 73, 14, 36, 44, 57, 74, 7, 18, 59, 68, 88, 84757, 1, 43, 50, 60, 80, 6, 17, 26, 44, 75, 9, 29, 37, 58, 63, 64802, 1, 23, 41, 61, 80, 2, 26, 32, 65, 82, 8, 13, 49, 56, 66, 26714, 2, 13, 33, 62, 75, 5, 16, 27, 46, 77, 6, l9, 29, 48, 90, 78088, \___1, 11, 44, 53, 62, 71, 7, 16, 37, 64, 86, 9, 27, 39, 74, 89, 34516, 20, 41, 50, 61, 72, 3, 35, 42, 65, 751, 18, 22, 37, 53, 79, 65230, 8$P, 21, 31, 61, 70, 81, 12, 23, 56, 63, 83, 9, 38, 46, 59, 68, 74177, 3, 10, 20, 53, 65, 5, 12, 44, 55, 67, 9, 17, 38, 58, 79, 75349, 3, 22, 34, 42, 50, 9s!P, 38, 48, 53, 64, 77, 8, 39, 49, 59, 65, 91767, 1, 21, 40, 72, 81, 13, 25, 42, 63, 74, 26, 39, 48, 67, 84, 97590, 6, 9s!P, 24, 45, 62, 82, 8, 37, 47, 54, 73, 9, 48, 56, 65, 89, 95686, 1, 20, 33, 41, 70, 2, 22, 44, 53, 66, 27, 39, 49, 68, 76, 36705, 14, 23, 30, 74, 84, 17, 38, 46, 68, 78, 4, 18, 25, 79, 90, 55171, 1, 41, 60, 70, 80, 16, 27, 53, 61, 73, 18, 28, 38, 59, 74, 18253, 11, 44, 53, 62, 71, 7, 16, 37, 64, 86, 9, 27, 39, 74, 89, 34516, \___1, 11, 44, 53, 62, 71, 7, 16, 37, 64, 86, 9, 27, 39, 74, 89, 34516, 5, 42, 56, 64, 83, 14, 37, 46, 58, 76, 7, 16, 22, 48, 90, 63532, 5, 42, 56, 64, 83, 14, 37, 46, 58, 76, 7, 16, 22, 48, 90, 63532, 1, 43, 50, 60, 80, 6, 17, 26, 44, 75, 9, 29, 37, 58, 63, 64802, 20, 41, 50, 61, 72, 3, 35, 42, 65, 751, 18, 22, 37, 53, 79, 65230, 5, 10, 22, 42, 70, 6, 23, 45, 57, 62, 8, 18, 38, 46, 59, 66845, 8$P, 21, 31, 61, 70, 81, 12, 23, 56, 63, 83, 9, 38, 46, 59, 68, 74177, 8$P, 21, 31, 61, 70, 81, 12, 23, 56, 63, 83, 9, 38, 46, 59, 68, 74177, 3, 10, 20, 53, 65, 5, 12, 44, 55, 67, 9, 17, 38, 58, 79, 75349, 3, 22, 34, 42, 50, 9s!P, 38, 48, 53, 64, 77, 8, 39, 49, 59, 65, 91767, 1, 21, 40, 72, 81, 13, 25, 42, 63, 74, 26, 39, 48, 67, 84, 97590, 1, 13, 53, 71, 82, 6, 21, 34, 72, 83, 7, 24, 37, 58, 89, 41048, 2, 12, 23, 32, 40, 7, 52, 66, 71, 85, 28, 49, 67, 76, 86, 56453, 23, 42, 56, 61, 85, 7, 31, 57, 77, 87, 9, 27, 47, 68, 79, 77633, 2, 10, 41, 61, 80, 5, 15, 24, 62, 86, 16, 36, 57, 78, 89, 86871, 1, 43, 50, 61, 72, 2, 23, 46, 63, 83, 19, 27, 47, 66, 76, 98475, 1, 13, 20, 35, 61, 7, 15, 38, 56, 66, 9, 29, 39, 77, 90, 07521, 1, 23, 41, 61, 80, 2, 26, 32, HM6Comp»gnl»t, 65, 82, 8, 13, 49, 56, 66, 26714, 5, 44, 55, 70, 80, 24, 46, 57, 86, 15, 25, 36, 49, 58, 43973, 3, 20, 43, 51, 80, 13, 24, 36, 45, 55, 8, 15, 28, 69, 79, 92078, 6, 9s!P, 24, 45, 62, 82, 8, 37, 47, 54, 73, 9, 48, 56, 65, 89, 95686, 5, File created and writing succesfully (4/6 - 112 : 16.26)
---------------------------

Start reading:

Ended reading:

Original Numbers:
[70, 11, 49, 09, 11, 44, 13, 62, 71, 7, 16, 37, 64, 86, 9, 27, 39, 74, 89, 34516, 6NOV., 2011, 70, 11, 49, 09, 10, 23, 43, 53, 82, 44, 56, 65, 7, 19, 39, 69, 77, 41782-GYLDIG, 6NOV., 2011, 70, 11, 49, 09, 23, 42, 56, 61, 85, 7, 31, 57, 77, 87, 9, 27, 47, 68, 79, 77633, 6NOV., 2011, 70, 11, 49, 09, 1, 21, 40, 72, 81, 13, 25, 42, 63, 74, 26, 39, 48, 67, 84, 97590-GYLDIG, 6NOV., 2011, 70, 11, 49, 09, 10, 23, 30, 51, 80, 5, 27, 61, 73, 81, 6, 39, 49, 75, 90, 06982-GYLDIG, 6NOV., 2011, 70, 11, 49, 09, 20, 30, 42, 65, 73, 14, 36, 44, 57, 74, 7, 18, 59, 68, 88, 84757-GYLDIG, 6NOV., 2011, 70, 11, 49, 09, 1, 43, 50, 60, 80, 6, 17, 26, 44, 75, 9, 29, 37, 58, 63, 64802-GYLDIG, 6NOV., 2011, 70, 11, 49, 09, 1, 23, 41, 61, 80, 2, 26, 32, 65, 82, 8, 13, 49, 56, 66, 26714-GYLDIG, 6NOV., 2011, 70, 11, 49, 09, 2, 13, 33, 62, 75, 5, 16, 27, 46, 77, 6, "l9, 29, 48, 90, 78088-GYLDIG, 6NOV., 2011, 70, 11, 49, 09, \___1, 11, 44, 53, 62, 71, 7, 16, 37, 64, 86, 9, 27, 39, 74, 89, 34516, 6NOV., 2011, 70, 11, 49, 09, 20, 41, 50, 61, 72, 3, 35, 42, 65, 751, 18, 22, 37, 53, 79, 65230-GYLDIG, 6NOV., 2011, 70, 11, 49, 09, 8$P, 21, 31, 61, 70, 81, 12, 23, 56, 63, 83, 9, 38, 46, 59, 68, 74177-GYLDIG, 6NOV., 2011, 70, 11, 49, 09, 3, 10, 20, 53, 65, 5, 12, 44, 55, 67, 9, 17, 38, 58, 79, 75349-GYLDIG, 6NOV., 2011, 70, 11, 49, 09, 3, 22, 34, 42, 50, 9s!P, 38, 48, 53, 64, 77, 8, 39, 49, 59, 65, 91767, 6NOV., 2011, 70, 11, 49, 09, 1, 21, 40, 72, 81, 13, 25, 42, 63, 74, 26, 39, 48, 67, 84, 97590, 6NOV., 2011, 70, 11, 49, 09, 6, 9s!P, 24, 45, 62, 82, 8, 37, 47, 54, 73, 9, 48, 56, 65, 89, 95686-GYLDIG, 6NOV., 2011, 70, 11, 49, 09, 1, 20, 33, 41, 70, 2, 22, 44, 53, 66, 27, 39, 49, 68, 76, 36705-GYLDIG, 6NOV., 2011, 70, 11, 49, 09, 14, 23, 30, 74, 84, 17, 38, 46, 68, 78, 4, 18, 25, 79, 90, 55171, 6NOV., 2011, 70, 11, 49, 09, 1, 41, 60, 70, 80, 16, 27, 53, 61, 73, 18, 28, 38, 59, 74, 18253, 6NOV., 2011, 70, 11, 49, 09, 11, 44, 53, 62, 71, 7, 16, 37, 64, 86, 9, 27, 39, 74, 89, 34516, 6NOV., 2011, 70, 11, 49, 09, \___1, 11, 44, 53, 62, 71, 7, 16, 37, 64, 86, 9, 27, 39, 74, 89, 34516, 6NOV., 2011, 70, 11, 49, 09, 5, 42, 56, 64, 83, 14, 37, 46, 58, 76, 7, 16, 22, 48, 90, 63532, 6NOV., 2011, 70, 11, 49, 09, 5, 42, 56, 64, 83, 14, 37, 46, 58, 76, 7, 16, 22, 48, 90, 63532-GYLDIG, 6NOV., 2011, 70, 11, 49, 09, 1, 43, 50, 60, 80, 6, 17, 26, 44, 75, 9, 29, 37, 58, 63, 64802-GYLDIG, 6NOV., 2011, 70, 11, 49, 09, 20, 41, 50, 61, 72, 3, 35, 42, 65, 751, 18, 22, 37, 53, 79, 65230-GYLDIG, 6NOV., 2011, 70, 11, 49, 09, 5, 10, 22, 42, 70, 6, 23, 45, 57, 62, 8, 18, 38, 46, 59, 66845-GYLDIG, 6NOV., 2011, 70, 11, 49, 09, 8$P, 21, 31, 61, 70, 81, 12, 23, 56, 63, 83, 9, 38, 46, 59, 68, 74177-GYLDIG, 6NOV., 2011, 70, 11, 49, 09, 8$P, 21, 31, 61, 70, 81, 12, 23, 56, 63, 83, 9, 38, 46, 59, 68, 74177-GYLDIG, 6NOV., 2011, 70, 11, 49, 09, 3, 10, 20, 53, 65, 5, 12, 44, 55, 67, 9, 17, 38, 58, 79, 75349-GYLDIG, 6NOV., 2011, 70, 11, 49, 09, 3, 22, 34, 42, 50, 9s!P, 38, 48, 53, 64, 77, 8, 39, 49, 59, 65, 91767, 6NOV., 2011, 70, 11, 49, 09, 1, 21, 40, 72, 81, 13, 25, 42, 63, 74, 26, 39, 48, 67, 84, 97590, 6NOV., 2011, 70, 11, 49, 09, 1, 13, 53, 71, 82, 6, 21, 34, 72, 83, 7, 24, 37, 58, 89, 41048-GYLDIG, 6NOV., 2011, 70, 11, 49, 09, 2, 12, 23, 32, 40, 7, 52, 66, 71, 85, 28, 49, 67, 76, 86, 56453-GYLDIG, 6NOV., 2011, 70, 11, 49, 09, 23, 42, 56, 61, 85, 7, 31, 57, 77, 87, 9, 27, 47, 68, 79, 77633, 6NOV., 2011, 70, 11, 49, 09, 2, 10, 41, 61, 80, 5, 15, 24, 62, 86, 16, 36, 57, 78, 89, 86871-GYLDIG, 6NOV., 2011, 70, 11, 49, 09, 1, 43, 50, 61, 72, 2, 23, 46, 63, 83, 19, 27, 47, 66, 76, 98475-GYLDIG, 6NOV., 2011, 70, 11, 49, 09, 1, 13, 20, 35, 61, 7, 15, 38, 56, 66, 9, 29, 39, 77, 90, 07521, 6NOV., 2011, 70, 11, 49, 09, 1, 23, 41, 61, 80, 2, 26, 32, HM6Comp»gnl»t, 65, 82, 8, 13, 49, 56, 66, 26714, 6NOV., 2011, 70, 11, 49, 09, 5, 44, 55, 70, 80, 24, 46, 57, 86, 15, 25, 36, 49, 58, 43973-GYLDIG, 6NOV., 2011, 70, 11, 49, 09, 3, 20, 43, 51, 80, 13, 24, 36, 45, 55, 8, 15, 28, 69, 79, 92078-GYLDIG, 6NOV., 2011, 70, 11, 49, 09, 6, 9s!P, 24, 45, 62, 82, 8, 37, 47, 54, 73, 9, 48, 56, 65, 89, 95686-GYLDIG, 6NOV., 2011, 70, 11, 49, 09, 5, 41, 51, 61, 83, 17, 23, 66, 75, 84, 9, 39, 45, 79, 89, 18520-GYLDIG, 6NOV., 2011, 70, 11, 49, 09, 10, 23, 43, 53, 82, 13, 24, 44, 56, 65, 7, 19, 39, 69, 77, 41782-GYLDIG, 6NOV., 2011, 70, 11, 49, 09, 13, 20, 32, 9s!P, 55, 81, 26, 38, 43, 56, 65, 19, 39, 44, 66, 78, 75999-GYLDIG, 6NOV., 2011, 70, 11, 49, 09, 1, 20, 33, 41, 70, 2, 22, 44, 53, 66, 27, 39, 49, 68, 76, 36705-GYLDIG, 6NOV., 2011, 70, 11, 49, 09, 14, 23, 30, 74, 84, 17, 38, 46, 68, 78, 4, 18, 25, 79, 90, 55171, 6NOV., 2011, 70, 11, 49, 09, X____1, 8£P, 14, 23, 30, 74, 84, 17, 38, 46, 68, 78, 4, 18, 25, 79, 90, 55171, 6NOV., 2011, 70, 11, 49, 09, 11, 21, 44, 70, 80, 16, 24, [45, 51, 63, 18, 29, 39, 58, 68, 26261-GYLDIG, 6NOV., 2011, 70, 11, 49, 09, 11, 21, 44, 70, 80, 16, 24, [45, 51, 63, 18, 29, 39, 58, 68, 26261-GYLDIG, 6NOV., 2011, 70, 11, 49, 09, 4, 11, 20, 43, 83, 5, 15, 46, 63, 78, 18, 37, 58, 79, 87, 54221, 6NOV., 2011, 70, 11, 49, 09, 1, 11, 30, 41, 50, 42, 51, Hf84, 18, 27, 39, 58, 86, 81309-GYLDIG, 6NOV., 2011, 70, 11, 49, 09, 2, 31, 43, 51, 84, 32, 44, 66, 73, 86, 14, 24, 57, 69, 88, 99433-GYLDIG, 6NOV., 2011, 70, 11, 49, 09, 2, 31, 43, 51, 84, 32, 44, 66, 73, 86, 14, 24, 57, 69, 88, 99433-GYLDIG, 6NOV., 2011]
Numbers:
[11, 44, 13, 62, 71, 7, 16, 37, 64, 86, 9, 27, 39, 74, 89, 34516, 10, 23, 43, 53, 82, 44, 56, 65, 7, 19, 39, 69, 77, 41782, 23, 42, 56, 61, 85, 7, 31, 57, 77, 87, 9, 27, 47, 68, 79, 77633, 1, 21, 40, 72, 81, 13, 25, 42, 63, 74, 26, 39, 48, 67, 84, 97590, 10, 23, 30, 51, 80, 5, 27, 61, 73, 81, 6, 39, 49, 75, 90, 06982, 20, 30, 42, 65, 73, 14, 36, 44, 57, 74, 7, 18, 59, 68, 88, 84757, 1, 43, 50, 60, 80, 6, 17, 26, 44, 75, 9, 29, 37, 58, 63, 64802, 1, 23, 41, 61, 80, 2, 26, 32, 65, 82, 8, 13, 49, 56, 66, 26714, 2, 13, 33, 62, 75, 5, 16, 27, 46, 77, 6, l9, 29, 48, 90, 78088, \___1, 11, 44, 53, 62, 71, 7, 16, 37, 64, 86, 9, 27, 39, 74, 89, 34516, 20, 41, 50, 61, 72, 3, 35, 42, 65, 751, 18, 22, 37, 53, 79, 65230, 8$P, 21, 31, 61, 70, 81, 12, 23, 56, 63, 83, 9, 38, 46, 59, 68, 74177, 3, 10, 20, 53, 65, 5, 12, 44, 55, 67, 9, 17, 38, 58, 79, 75349, 3, 22, 34, 42, 50, 9s!P, 38, 48, 53, 64, 77, 8, 39, 49, 59, 65, 91767, 1, 21, 40, 72, 81, 13, 25, 42, 63, 74, 26, 39, 48, 67, 84, 97590, 6, 9s!P, 24, 45, 62, 82, 8, 37, 47, 54, 73, 9, 48, 56, 65, 89, 95686, 1, 20, 33, 41, 70, 2, 22, 44, 53, 66, 27, 39, 49, 68, 76, 36705, 14, 23, 30, 74, 84, 17, 38, 46, 68, 78, 4, 18, 25, 79, 90, 55171, 1, 41, 60, 70, 80, 16, 27, 53, 61, 73, 18, 28, 38, 59, 74, 18253, 11, 44, 53, 62, 71, 7, 16, 37, 64, 86, 9, 27, 39, 74, 89, 34516, \___1, 11, 44, 53, 62, 71, 7, 16, 37, 64, 86, 9, 27, 39, 74, 89, 34516, 5, 42, 56, 64, 83, 14, 37, 46, 58, 76, 7, 16, 22, 48, 90, 63532, 5, 42, 56, 64, 83, 14, 37, 46, 58, 76, 7, 16, 22, 48, 90, 63532, 1, 43, 50, 60, 80, 6, 17, 26, 44, 75, 9, 29, 37, 58, 63, 64802, 20, 41, 50, 61, 72, 3, 35, 42, 65, 751, 18, 22, 37, 53, 79, 65230, 5, 10, 22, 42, 70, 6, 23, 45, 57, 62, 8, 18, 38, 46, 59, 66845, 8$P, 21, 31, 61, 70, 81, 12, 23, 56, 63, 83, 9, 38, 46, 59, 68, 74177, 8$P, 21, 31, 61, 70, 81, 12, 23, 56, 63, 83, 9, 38, 46, 59, 68, 74177, 3, 10, 20, 53, 65, 5, 12, 44, 55, 67, 9, 17, 38, 58, 79, 75349, 3, 22, 34, 42, 50, 9s!P, 38, 48, 53, 64, 77, 8, 39, 49, 59, 65, 91767, 1, 21, 40, 72, 81, 13, 25, 42, 63, 74, 26, 39, 48, 67, 84, 97590, 1, 13, 53, 71, 82, 6, 21, 34, 72, 83, 7, 24, 37, 58, 89, 41048, 2, 12, 23, 32, 40, 7, 52, 66, 71, 85, 28, 49, 67, 76, 86, 56453, 23, 42, 56, 61, 85, 7, 31, 57, 77, 87, 9, 27, 47, 68, 79, 77633, 2, 10, 41, 61, 80, 5, 15, 24, 62, 86, 16, 36, 57, 78, 89, 86871, 1, 43, 50, 61, 72, 2, 23, 46, 63, 83, 19, 27, 47, 66, 76, 98475, 1, 13, 20, 35, 61, 7, 15, 38, 56, 66, 9, 29, 39, 77, 90, 07521, 1, 23, 41, 61, 80, 2, 26, 32, HM6Comp»gnl»t, 65, 82, 8, 13, 49, 56, 66, 26714, 5, 44, 55, 70, 80, 24, 46, 57, 86, 15, 25, 36, 49, 58, 43973, 3, 20, 43, 51, 80, 13, 24, 36, 45, 55, 8, 15, 28, 69, 79, 92078, 6, 9s!P, 24, 45, 62, 82, 8, 37, 47, 54, 73, 9, 48, 56, 65, 89, 95686, 5,